SendRate(Mb/s)	RTT(ms)	CWnd	PktSndPeriod(us)	RecvACK	RecvNAK
4.03386		89.211	375	96			56	340
3.80823		41.168	702	171			127	680
3.71511		48.389	1021	236			194	1000
3.76175		52.047	1344	303			263	1320
3.69197		55.191	1661	368			331	1620
3.70345		58.304	1979	439			406	1940
3.52888		45.437	2282	504			466	2240
3.52892		51.809	2585	560			536	2560
3.61037		38.883	2895	619			605	2860
3.82011		48.151	3223	695			671	3180
3.93653		46.882	3561	773			744	3520
3.97148		52.908	3902	839			810	3860
3.97156		41.938	4243	917			874	4200
4.07627		45.664	4593	999			943	4540
4.02977		51.884	4939	1076			1014	4880
4.12294		58.666	5293	1159			1087	5220
4.20444		64.187	5654	1234			1148	5560
4.19276		51.379	6014	1319			1221	5920
4.32092		54.342	6385	1411			1292	6300
4.56539		42.868	6777	1502			1365	6680
4.62365		38.985	7174	1599			1437	7080
4.7398		38.482	7581	1690			1515	7480
4.82159		45.776	7995	1789			1588	7900
4.79827		48.283	8407	1890			1663	8300
4.5772		51.22	8800	1982			1735	8700
4.20454		42.301	9161	2063			1807	9060
4.05291		47.095	9509	2144			1873	9380
4.08802		50.518	9860	2213			1946	9740
4.15778		40.862	10217	2298			2011	10100
4.02961		38.191	10563	2379			2082	10440
3.9714		31.65	10904	2459			2155	10780
3.80842		30.943	11231	2529			2231	11100
3.79678		30.321	11557	2602			2304	11420
3.95979		29.575	11897	2678			2385	11760
4.15776		31.416	12254	2758			2456	12120
4.13461		33.75	12609	2842			2531	12480
4.19284		34.911	12969	2932			2603	12840
4.11117		38.387	13322	3014			2675	13180
4.18114		40.27	13681	3087			2749	13540
4.21601		36.173	14043	3168			2822	13900
4.2392		39.981	14407	3251			2896	14260
4.16948		38.79	14765	3335			2969	14600
4.26269		43.3	15131	3415			3045	14960
4.71674		47.452	15536	3508			3120	15360
4.64702		47.926	15935	3610			3183	15760
4.63542		49.824	16333	3705			3256	16160
5.00812		54.839	16763	3816			3324	16560
5.10131		40.726	17201	3927			3398	17000
5.20605		50.006	17648	4044			3475	17440
5.20608		50.357	18095	4167			3551	17880
5.08951		50.944	18532	4284			3627	18320
5.04292		56.895	18965	4400			3697	18740
5.04284		53.806	19398	4500			3771	19180
5.03131		45.19	19830	4615			3837	19600
5.22936		37.992	20279	4740			3917	20040
5.35737		37.873	20739	4857			3991	20500
5.52043		45.751	21213	4986			4069	20960
5.73018		43.11	21705	5115			4142	21440
5.62533		47.35	22188	5242			4218	21920
5.32254		50.186	22645	5350			4291	22360
5.6835		77.422	23133	5480			4375	22840
5.54387		83.232	23609	5605			4449	23320
5.57869		87.516	24088	5735			4515	23780
5.38073		87.209	24550	5844			4585	24240
5.14785		88.339	24992	5951			4663	24680
5.36917		91.617	25453	6065			4743	25120
5.32245		95.82	25910	6193			4811	25580
5.53205		76.717	26385	6316			4887	26040
5.54371		66.893	26861	6440			4965	26540
5.46215		49.635	27330	6565			5035	27000
5.40409		52.311	27794	6703			5106	27460
5.36902		41.884	28255	6822			5185	27940
5.61365		48.557	28737	6945			5261	28420
5.59041		53.867	29217	7078			5328	28880
6.03284		53.985	29735	7226			5401	29380
6.0677		33.327	30256	7375			5461	29900
6.28907		34.084	30796	7516			5542	30440
6.37082		34.587	31343	7687			5619	30980
6.11452		33.886	31868	7834			5690	31480
5.62511		40.572	32351	7962			5766	31960
5.89307		44.31	32857	8097			5840	32460
5.70681		46.194	33347	8241			5917	32940
6.10272		35.707	33871	8391			5996	33480
6.19557		36.439	34403	8538			6070	34000
5.95147		37.929	34914	8664			6148	34500
5.9979		42.135	35429	8811			6232	35020
5.77661		44.486	35925	8947			6305	35500
5.75339		50.976	36419	9074			6384	35980
5.88135		46.008	36924	9223			6458	36480
6.12598		33.954	37450	9366			6535	37020
6.23096		41.81	37985	9535			6612	37540
6.2193		40.899	38519	9687			6691	38080
6.26594		44.296	39057	9835			6764	38620
5.86982		46.113	39561	9983			6840	39120
5.99765		51.952	40076	10124			6903	39620
6.0214		39.8	40593	10271			6982	40120
5.88142		36.762	41098	10406			7064	40640
5.81174		37.729	41597	10524			7143	41140
5.67196		43.537	42084	10658			7220	41620
5.53221		47.658	42559	10782			7288	42080
5.54387		37.122	43035	10908			7361	42560
5.04303		44.11	43468	11015			7443	43000
4.91492		46.396	43890	11114			7515	43420
4.82165		38.568	44304	11215			7591	43800
4.57715		35.616	44697	11309			7661	44200
4.63534		39.275	45095	11403			7736	44580
4.60049		40.821	45490	11499			7810	44960
4.48391		44.096	45875	11597			7882	45340
4.40237		41.706	46253	11677			7957	45720
4.37917		48.517	46629	11766			8031	46100
4.50732		40.03	47016	11855			8095	46480
4.60051		44.819	47411	11943			8171	46880
5.0547		46.668	47845	12056			8237	47300
4.71694		48.544	48250	12158			8308	47700
4.57712		52.064	48643	12251			8386	48100
4.53053		40.087	49032	12346			8466	48500
4.49567		37.441	49418	12443			8534	48880
4.77512		41.435	49828	12540			8609	49280
4.71692		42.884	50233	12638			8682	49700
4.61211		43.792	50629	12725			8754	50080
