SendRate(Mb/s)	RTT(ms)	CWnd	PktSndPeriod(us)	RecvACK	RecvNAK
50.2748		42.165	4600	17			51	4400
67.9122		31.791	10431	43			150	10120
66.865		30.785	16172	66			234	15860
63.5336		30.914	21627	93			334	21280
60.5295		38.398	26824	123			409	26440
59.1659		45.169	31904	140			489	31420
54.4135		43.522	36576	167			551	36060
51.8169		47.37	41025	196			616	40460
50.3839		51.737	45351	216			672	44740
46.9596		53.659	49383	230			717	48760
45.5274		55.273	53292	250			782	52660
44.9451		58.388	57151	265			839	56500
43.6989		60.66	60903	289			876	60220
42.4413		63.01	64547	311			921	63800
40.065		62.202	67987	329			983	67200
39.7159		72.439	71397	347			1035	70560
39.3551		89.743	74776	362			1067	73840
39.7277		54.906	78187	378			1117	77320
37.0606		56.235	81369	386			1214	80480
36.2218		57.236	84479	396			1297	83560
34.9875		59.057	87483	406			1388	86520
35.0341		62.672	90491	416			1460	89520
34.1721		64.681	93425	428			1541	92440
33.2401		48.519	96279	444			1594	95320
32.588		54.343	99077	461			1659	98100
31.7029		58.271	101799	470			1735	100800
30.8991		44.087	104452	480			1822	103480
30.5844		47.494	107078	492			1902	106080
30.1657		50.13	109668	508			1966	108620
28.3247		49.848	112100	513			2049	111040
27.6847		50.402	114477	525			2117	113400
27.2303		39.152	116815	532			2203	115760
25.7631		43.469	119027	545			2278	117920
25.4835		46.887	121215	555			2358	120080
24.6216		48.863	123329	563			2453	122180
23.8644		50.371	125378	567			2551	124220
23.9108		53.541	127431	575			2638	126260
23.3987		55.345	129440	587			2707	128260
23.0141		58.159	131416	595			2780	130180
22.7581		60.341	133370	605			2857	132120
22.3621		62.643	135290	613			2935	134000
22.1407		65.217	137191	618			3016	135880
21.5114		66.844	139038	625			3084	137720
20.8945		68.004	140832	635			3147	139520
20.8122		69.09	142619	650			3207	141280
19.9273		76.997	144330	658			3268	142960
20.0202		92.627	146049	664			3335	144640
19.4502		107.132	147719	671			3392	146320
20.114		59.065	149446	684			3459	148040
20.65		62.671	151219	692			3526	149780
21.3256		66.352	153050	697			3603	151580
22.0128		67.476	154940	707			3668	153480
21.6516		38.707	156799	717			3746	155360
21.5351		37.577	158648	720			3846	157180
20.4751		30.485	160406	722			3941	158960
20.4986		34.921	162166	725			4038	160700
21.3837		39.36	164002	733			4124	162520
21.0923		42.582	165813	740			4215	164280
21.1742		46.134	167631	747			4299	166060
21.011		47.307	169435	755			4369	167820
20.5801		47.743	171202	760			4454	169580
20.5917		50.905	172970	764			4544	171340
20.3238		53.712	174715	775			4610	173080
19.5319		55.591	176392	785			4682	174740
20.4751		43.901	178150	793			4760	176480
20.2187		48.819	179886	799			4838	178180
20.0211		53.293	181605	811			4912	179880
19.8348		55.57	183308	817			4993	181580
20.4869		57.482	185067	826			5072	183320
19.7183		57.701	186760	831			5150	185020
19.101		58.565	188400	842			5233	186620
19.0195		60.903	190033	849			5312	188260
18.8447		62.847	191651	859			5372	189860
18.5304		65.542	193242	867			5456	191420
17.7615		65.238	194767	874			5527	192940
17.5283		65.535	196272	880			5603	194440
17.4585		67.915	197771	886			5681	195940
16.6901		73.255	199204	892			5764	197360
16.7017		81.553	200638	903			5829	198760
16.3286		90.672	202040	916			5864	200140
16.1541		96.437	203427	923			5917	201580
16.3522		57.657	204831	930			5990	202960
16.6551		61.118	206261	937			6065	204380
16.1543		62.646	207648	943			6141	205780
17.4003		65.226	209142	948			6228	207240
18.0411		66.607	210691	953			6314	208760
17.7731		67.803	212217	965			6387	210260
17.412		69.67	213712	967			6481	211740
17.5168		71.679	215216	972			6563	213220
16.667		71.788	216647	983			6634	214620
16.5152		72.284	218065	993			6690	216020
16.3871		54.065	219472	1001			6758	217420
15.8515		44.573	220833	1005			6845	218780
15.7581		46.868	222186	1015			6917	220120
16.2821		50.122	223584	1020			7003	221500
16.5154		51.987	225002	1025			7085	222900
16.4222		54.359	226412	1027			7177	224280
16.7716		57.625	227852	1031			7260	225700
16.8648		59.987	229300	1035			7348	227140
16.6551		62.141	230730	1043			7422	228560
16.0495		64.043	232108	1046			7510	229920
16.0029		66.471	233482	1048			7597	231280
16.1774		68.363	234871	1055			7661	232640
16.1077		70.314	236254	1064			7727	234020
15.7581		70.856	237607	1069			7803	235340
15.6067		76.222	238947	1078			7865	236680
15.4436		80.545	240273	1086			7892	237980
15.4668		101.416	241601	1089			7966	239280
15.3622		83.934	242920	1096			8023	240600
15.1758		90.76	244223	1102			8091	241900
14.9311		82.302	245505	1112			8135	243200
14.4303		74.868	246744	1116			8216	244420
14.6635		79.63	248003	1118			8316	245680
14.4187		58.587	249241	1127			8391	246940
14.0926		62.549	250451	1129			8487	248100
13.813		65.45	251637	1134			8564	249280
13.7778		66.873	252820	1137			8648	250440
14.1857		68.218	254038	1149			8719	251640
13.6502		68.016	255210	1155			8795	252820
14.1622		68.854	256426	1168			8830	254000
