SendRate(Mb/s)	RTT(ms)	CWnd	PktSndPeriod(us)	RecvACK	RecvNAK
49.4567		41.65	4518	0			110	4340
65.1856		30.499	10115	0			272	9940
63.6482		33.568	15580	0			430	15380
61.4133		39.646	20853	0			582	20640
55.4853		42.256	25617	0			720	25400
52.259		42.301	30104	0			850	29900
48.5888		47.112	34276	0			972	34080
46.7719		50.064	38292	0			1088	38080
45.142		53.047	42168	0			1200	41960
43.7188		55.461	45922	0			1309	45700
41.4511		57.665	49481	0			1412	49260
41.8112		60.485	53071	0			1516	52860
40.2748		55.027	56529	0			1623	56340
39.8435		58.646	59950	0			1732	59740
39.4819		60.375	63340	0			1848	63120
38.9804		67.693	66687	0			1980	66460
37.8516		67.761	69937	0			2120	69700
36.9908		67.18	73113	0			2259	72900
36.2567		67.005	76226	0			2394	76020
35.1957		66.392	79248	0			2526	79040
34.9983		67.416	82253	0			2657	82040
34.6135		69.5	85225	0			2786	85000
34.0084		71.582	88145	0			2912	87920
33.2158		72.184	90997	0			3037	90780
32.8093		76.292	93814	0			3159	93600
32.5531		84.595	96609	0			3279	96360
32.215		95.338	99375	0			3398	99100
31.3417		51.583	102066	0			3516	101920
31.0501		55.651	104732	0			3631	104580
30.5141		55.91	107352	0			3746	107200
29.4782		57.959	109883	0			3856	109740
29.3498		58.414	112403	0			3965	112240
28.744		59.943	114871	0			4072	114720
27.9409		62.09	117270	0			4177	117100
27.5912		64.093	119639	0			4280	119480
27.1023		66.323	121966	0			4381	121800
26.4613		67.466	124238	0			4485	124080
26.0423		69.84	126474	0			4592	126300
25.7165		71.728	128682	0			4708	128520
25.5531		77.634	130876	0			4833	130700
25.5414		88.798	133069	0			4957	132860
24.8892		49.242	135206	0			5082	135080
24.7264		53.306	137329	0			5204	137200
24.0039		54.675	139390	0			5324	139260
23.4449		55.273	141403	0			5441	141280
23.0956		56.193	143386	0			5556	143260
22.9093		57.811	145353	0			5670	145240
22.4553		60.128	147281	0			5781	147160
22.2453		62.066	149191	0			5892	149060
21.8145		64.356	151064	0			6001	150940
21.7448		66.257	152931	0			6108	152800
21.5001		68.53	154777	0			6216	154640
20.9054		70.194	156572	0			6321	156440
20.51		73.928	158333	0			6423	158200
20.5215		84.19	160095	0			6524	159940
20.603		57.393	161864	0			6628	161760
20.1958		51.145	163598	0			6731	163500
21.1039		56.143	165410	0			6835	165300
21.698		57.156	167273	0			6943	167160
21.4065		57.224	169111	0			7050	169000
22.0934		58.604	171008	0			7159	170880
21.7442		60.806	172875	0			7267	172760
21.5581		63.108	174726	0			7374	174600
21.244		65.225	176550	0			7481	176420
20.6617		66.532	178324	0			7583	178200
20.324		68.766	180069	0			7684	179940
20.1373		70.773	181798	0			7785	181660
19.8803		72.85	183505	0			7887	183380
19.6946		81.505	185196	0			7993	185060
19.6245		92.867	186881	0			8103	186720
19.3336		51.164	188541	0			8217	188440
19.0659		54.689	190178	0			8333	190080
19.4504		58.187	191848	0			8447	191740
19.9978		59.997	193565	0			8550	193440
19.9979		59.398	195282	0			8651	195180
19.8347		60.182	196985	0			8753	196880
19.5898		62.344	198667	0			8863	198560
18.8444		64.132	200285	0			8980	200160
18.9494		66.697	201912	0			9097	201800
18.5068		68.489	203501	0			9212	203380
18.297		75.151	205072	0			9324	204940
18.5068		72.841	206661	0			9438	206540
17.936		76.838	208201	0			9550	208080
18.2737		86.381	209770	0			9662	209620
17.9592		97.73	211312	0			9773	211160
18.2041		78.883	212875	0			9884	212740
18.1691		86.75	214435	0			9996	214280
17.9011		91.877	215972	0			10108	215820
17.7845		96.143	217499	0			10218	217340
17.1558		96.463	218972	0			10324	218820
17.2256		99.165	220451	0			10431	220300
17.3768		100.699	221943	0			10539	221780
16.8063		99.816	223386	0			10644	223240
16.7477		99.219	224824	0			10749	224680
16.6898		99.629	226257	0			10853	226100
16.4921		100.49	227673	0			10955	227520
16.2818		101.63	229071	0			11056	228920
16.4101		105.076	230480	0			11158	230320
16.2357		109.407	231874	0			11259	231720
15.9794		115.747	233246	0			11358	233080
16.3057		90.676	234646	2			11450	234500
16.1075		99.584	236029	2			11549	235880
16.0143		106.853	237404	2			11648	237240
15.7581		111.272	238757	2			11745	238600
15.8979		112.662	240122	2			11845	239960
15.5601		116.102	241458	2			11944	241300
15.0593		116.938	242751	2			12050	242580
15.3273		85.765	244067	3			12147	243940
15.1056		95.488	245364	3			12254	245220
14.8376		103.082	246638	3			12363	246500
14.7331		108.186	247903	3			12473	247760
14.7214		112.438	249167	3			12582	249000
14.6752		114.248	250427	3			12692	250280
14.3721		115.639	251661	3			12799	251500
14.5353		116.273	252909	3			12907	252740
14.3139		116.416	254138	3			13015	253980
14.7216		116.051	255402	3			13124	255240
14.3138		116.138	256631	4			13218	256520
14.7906		92.016	257901	4			13326	257760
14.7914		94.214	259171	4			13437	259040
