SendRate(Mb/s)	RTT(ms)	CWnd	PktSndPeriod(us)	RecvACK	RecvNAK
2.2547		39.831	210	37			64	200
1.96826		37.05	379	58			135	360
1.95654		36.725	547	78			204	540
1.95663		40.004	715	93			272	700
1.99156		40.44	886	112			342	880
1.99161		42.122	1057	137			404	1040
2.04986		38.685	1233	162			476	1220
2.02657		38.511	1407	184			542	1380
1.94498		37.629	1574	208			609	1560
1.95657		39.255	1742	233			679	1720
2.03818		37.914	1917	258			742	1900
2.06142		40.652	2094	279			809	2060
2.04971		37.996	2270	303			878	2240
2.11966		37.84	2452	325			951	2420
2.04986		38.626	2628	352			1017	2600
1.97999		37.939	2798	382			1075	2780
1.96833		39.469	2967	401			1146	2940
1.93339		36	3133	423			1215	3100
1.94503		38.091	3300	446			1280	3280
1.85187		38.923	3459	468			1346	3420
1.87514		38.128	3620	487			1412	3600
1.91008		37.462	3784	505			1481	3760
1.93334		38.835	3950	521			1547	3920
1.92174		38.487	4115	539			1615	4080
2.00327		39.112	4287	557			1689	4260
1.96832		37.927	4456	579			1754	4420
1.99161		36.693	4627	601			1815	4580
2.02655		40.563	4801	625			1880	4760
2.0848		38.057	4980	648			1948	4940
1.99161		32.764	5151	676			2013	5120
2.04984		31.773	5327	702			2080	5280
2.24781		31.026	5520	729			2144	5480
2.23616		29.777	5712	755			2213	5680
2.17798		30.638	5899	780			2280	5860
2.25951		28.751	6093	805			2350	6040
2.28279		31.152	6289	834			2414	6240
2.24785		28.995	6482	861			2483	6440
2.18962		31.035	6670	886			2556	6620
2.14292		32.031	6854	917			2623	6800
2.14296		34.526	7038	940			2689	7000
2.03819		28.041	7213	959			2759	7160
2.14303		30.076	7397	985			2829	7360
2.17799		30.449	7584	1010			2894	7540
2.04988		32.536	7760	1033			2966	7720
1.99163		31.252	7931	1051			3036	7880
1.94505		30.17	8098	1066			3106	8040
1.97998		25.177	8268	1082			3166	8220
2.1081		29.135	8449	1107			3239	8400
2.17786		26.203	8636	1138			3309	8580
2.32933		27.41	8836	1171			3380	8780
2.46913		27.542	9048	1205			3443	9000
2.43417		30.286	9257	1237			3505	9200
2.30607		27.771	9455	1272			3573	9400
2.21291		28.999	9645	1305			3638	9580
2.16631		28.868	9831	1333			3703	9780
2.10807		28.017	10012	1360			3772	9960
2.02656		28.13	10186	1384			3838	10120
2.10808		29.501	10367	1406			3912	10300
2.0382		29.454	10542	1428			3975	10480
1.96831		27.581	10711	1448			4036	10640
1.99161		34.92	10882	1477			4096	10820
2.01491		37.129	11055	1502			4165	11000
2.0615		34.033	11232	1521			4233	11160
2.0149		36.282	11405	1543			4301	11340
1.95667		37.032	11573	1564			4366	11500
1.88679		37.632	11735	1585			4437	11680
1.82856		37.344	11892	1600			4501	11820
1.82855		36.405	12049	1617			4561	11980
1.82854		35.418	12206	1636			4629	12140
1.80525		35.978	12361	1654			4692	12300
1.78197		34.737	12514	1669			4757	12440
1.82855		36.109	12671	1692			4818	12600
1.82855		34.087	12828	1714			4883	12760
1.92173		35.291	12993	1734			4953	12920
1.96832		36.022	13162	1757			5016	13100
1.92173		34.473	13327	1773			5082	13260
1.96832		32.635	13496	1793			5146	13420
1.92167		34.611	13661	1815			5216	13580
1.89838		32.103	13824	1830			5289	13740
1.8751		33.141	13985	1844			5353	13900
1.84022		31.255	14143	1859			5416	14060
1.82854		32.685	14300	1877			5483	14220
1.79362		30.689	14454	1894			5548	14380
1.84021		33.975	14612	1912			5617	14540
1.84021		34.521	14770	1929			5683	14700
1.88679		33.882	14932	1944			5750	14860
1.82856		33.221	15089	1964			5811	15020
1.73538		33.613	15238	1983			5877	15160
1.6888		34.028	15383	1999			5940	15300
1.67715		31.278	15527	2013			6001	15440
1.64221		35.622	15668	2031			6068	15600
1.63047		36.042	15808	2047			6130	15720
1.57222		34.682	15943	2057			6192	15860
1.56066		34.943	16077	2073			6256	16000
1.5141		34.125	16207	2084			6316	16120
1.45586		33.931	16332	2089			6385	16260
1.42088		39.381	16454	2100			6445	16380
1.35095		35.203	16570	2107			6506	16500
1.38589		34.98	16689	2111			6571	16600
1.39753		37.49	16809	2119			6631	16720
1.45584		38.525	16934	2128			6695	16860
1.47916		35.402	17061	2138			6755	16980
1.47916		35.828	17188	2146			6816	17100
1.43249		35.743	17311	2152			6885	17240
1.44412		38.874	17435	2158			6950	17360
1.44418		39.077	17559	2167			7007	17480
1.36267		39.049	17676	2174			7067	17600
1.38598		36.221	17795	2181			7132	17720
1.36269		41.336	17912	2192			7190	17820
1.42093		38.47	18034	2202			7241	17940
1.42091		38.697	18156	2211			7300	18060
1.38597		40.977	18275	2216			7366	18180
1.44421		37.529	18399	2224			7432	18300
1.49081		39.698	18527	2229			7499	18440
1.49081		40.808	18655	2245			7559	18560
1.42092		38.046	18777	2252			7627	18680
1.45586		39.089	18902	2262			7685	18820
1.49081		39.832	19030	2268			7748	18940
1.42092		41.884	19152	2278			7808	19060
1.38599		36.441	19271	2289			7868	19180
