SendRate(Mb/s)	RTT(ms)	CWnd	PktSndPeriod(us)	RecvACK	RecvNAK
50.296		31	4604	22			72	4360
81.9678		35.346	11642	64			153	11240
94.0707		30.379	19719	98			218	19320
95.596		31.389	27927	145			279	27440
95.058		30.261	36089	181			345	35600
96.1548		30.465	44345	224			414	43780
95.0034		30.264	52502	262			486	51840
95.7946		30.256	60727	289			555	59980
93.8362		30.263	68784	326			603	67980
96.4582		35.132	77066	355			673	76160
93.8471		30.76	85124	395			722	84200
93.1011		30.244	93118	445			794	92120
95.5015		30.227	101318	478			862	100240
95.8055		30.994	109544	516			914	108420
95.3392		30.308	117730	558			974	116540
94.3497		30.233	125831	596			1024	124500
94.8961		30.225	133979	636			1088	132600
95.1294		30.48	142147	673			1160	140720
95.4193		32.029	150340	715			1228	148760
95.6874		30.373	158556	758			1294	156900
96.584		33.535	166849	802			1350	165080
95.4541		30.291	175045	853			1406	173240
95.8863		30.836	183278	900			1477	181420
95.5128		30.462	191479	942			1546	189560
95.5464		30.316	199683	992			1619	197680
93.0673		30.23	207674	1032			1693	205600
95.327		30.524	215859	1080			1762	213700
94.1174		33.093	223940	1120			1822	221660
93.0695		30.291	231931	1160			1891	229680
95.5374		30.496	240134	1203			1944	237800
94.8034		30.285	248274	1241			2016	245880
95.8993		31.006	256508	1283			2085	253900
95.4456		30.364	264703	1318			2146	262040
96.2463		30.729	272967	1356			2216	270260
93.1718		30.256	280967	1400			2279	278200
95.1064		30.473	289133	1441			2337	286320
94.1867		30.253	297220	1478			2411	294320
94.4786		30.296	305332	1519			2466	302360
95.0141		30.277	313490	1563			2540	310480
95.1545		30.244	321660	1606			2600	318620
95.1535		30.227	329830	1643			2659	326700
94.9211		30.255	337980	1686			2731	334820
95.0729		30.43	346143	1724			2792	342940
95.3523		30.326	354330	1761			2868	351060
95.6201		30.246	362540	1809			2931	359220
96.2253		30.629	370802	1862			2985	367400
94.8731		30.234	378948	1897			3052	375480
96.1914		30.27	387207	1959			3101	383660
94.5487		30.364	395325	1991			3174	391720
96.2713		30.64	403591	2041			3211	399920
94.7932		30.706	411730	2085			3281	407960
96.0518		31.116	419977	2119			3352	416140
95.8872		30.877	428210	2153			3421	424360
95.6906		30.549	436426	2189			3485	432540
93.3495		30.261	444441	2232			3555	440480
94.7933		30.294	452580	2265			3630	448560
96.9709		37.471	460906	2309			3697	456740
91.4145		30.299	468755	2329			3776	464640
91.2991		30.229	476594	2370			3842	472400
95.8761		30.381	484826	2412			3888	480560
95.3396		30.23	493012	2440			3963	488720
95.4563		30.393	501208	2471			4038	496900
95.6554		30.294	509421	2505			4113	505060
94.5257		30.238	517537	2539			4175	513060
95.8995		30.273	525771	2598			4237	521200
94.9674		30.244	533925	2637			4305	529240
93.3499		30.324	541940	2671			4372	537220
92.0794		30.261	549846	2720			4436	545060
96.5048		31.509	558132	2751			4502	553180
94.8282		31.584	566274	2782			4565	561260
95.4216		30.549	574467	2828			4628	569420
94.1997		31.259	582555	2873			4678	577440
94.1646		30.254	590640	2910			4746	585440
95.0958		30.232	598805	2948			4821	593500
96.4679		31.74	607088	2997			4890	601720
95.0217		31.892	615247	3039			4957	609800
94.2531		30.247	623340	3074			5033	617885
95.6152		30.475	631550	3116			5092	626020
96.5488		31.095	639840	3158			5165	634260
94.882		30.936	647987	3185			5241	642300
93.0908		30.322	655980	3230			5305	650240
96.0155		30.936	664224	3274			5378	658400
94.2083		30.23	672313	3300			5456	666440
95.4529		30.299	680509	3348			5517	674600
94.5654		30.245	688629	3389			5583	682680
95.2525		30.305	696808	3419			5650	690840
92.9848		30.227	704792	3454			5711	698780
92.6586		30.243	712748	3485			5781	706640
94.8718		30.288	720894	3526			5840	714720
92.8416		30.235	728866	3564			5911	722620
96.2807		33.217	737133	3605			5980	730800
94.5342		30.605	745250	3649			6056	738820
95.0694		30.251	753413	3687			6097	746940
96.1409		30.387	761668	3725			6145	755140
94.9749		30.31	769823	3766			6208	763240
96.1783		30.591	778081	3797			6280	771380
95.2915		30.334	786263	3844			6347	779540
95.1636		30.72	794434	3883			6420	787660
95.9104		31.988	802669	3926			6487	795820
96.5473		32.496	810959	3971			6552	804040
94.4666		30.417	819070	4011			6617	812100
95.2326		30.425	827247	4068			6669	820160
96.2335		31.794	835510	4098			6738	828320
95.3595		30.316	843698	4133			6803	836480
95.5202		30.336	851900	4173			6864	844640
95.7089		30.323	860118	4221			6933	852800
95.8602		30.311	868350	4256			6996	860980
95.9653		33.393	876590	4289			7072	869120
94.1141		30.259	884671	4340			7137	877180
95.0575		30.253	892833	4379			7201	885280
95.8833		30.571	901066	4424			7265	893480
94.5439		30.282	909184	4465			7333	901540
93.9519		30.793	917251	4514			7398	909540
188.543		30.247	925373	4552			7465	917580
95.7359		30.293	933593	4587			7530	925760
95.8975		31.292	941827	4620			7603	933940
95.2789		30.426	950008	4675			7658	942020
95.5813		31.496	958215	4737			7721	950080
95.4065		30.292	966407	4783			7791	958260
94.3246		30.601	974506	4830			7854	966220
