SendRate(Mb/s)	RTT(ms)	CWnd	PktSndPeriod(us)	RecvACK	RecvNAK
13.5169		38.433	1222	483			77	1160
14.6049		37.324	2476	956			165	2400
14.7565		38.592	3743	1411			247	3660
15.7		39.142	5091	1898			333	5000
15.5369		38.498	6425	2375			409	6320
16.7481		36.677	7863	2921			486	7740
17.2371		38.685	9343	3458			557	9220
17.0151		40.906	10804	4000			643	10680
17.5284		39.561	12309	4566			721	12160
18.1339		37.755	13866	5156			799	13700
18.821		37.708	15482	5802			879	15300
19.1823		38.223	17129	6445			957	16940
18.6458		40.217	18730	7019			1036	18540
19.0074		40.626	20362	7657			1116	20120
19.2987		39.58	22019	8283			1203	21740
20.6498		36.394	23792	8997			1286	23480
21.1273		39.772	25606	9700			1360	25280
22.1056		39.23	27504	10440			1442	27160
21.7097		38.304	29368	11200			1523	29000
21.2551		36.051	31193	11912			1611	30820
20.3116		39.713	32937	12585			1695	32540
19.986		39.198	34653	13255			1781	34200
19.7644		38.174	36350	13900			1864	35900
18.8445		37.629	37968	14514			1941	37520
18.6932		37.973	39573	15138			2027	39100
18.9258		39.123	41198	15761			2112	40740
18.4134		35.664	42779	16366			2192	42300
19.4734		39.039	44451	17037			2281	43980
19.3219		36.969	46110	17669			2362	45600
19.7876		36.028	47809	18319			2439	47260
20.137		30.955	49538	19018			2501	48960
20.4515		29.106	51294	19710			2586	50720
20.0093		27.98	53012	20362			2664	52420
19.4386		31.717	54681	21004			2751	54100
20.1256		29.056	56409	21659			2835	55800
22.5016		32.451	58341	22414			2927	57720
25.2037		30.35	60505	23300			3009	59840
24.6911		31.671	62625	24158			3087	61940
24.8888		31.228	64762	25008			3172	64080
25.2731		30.065	66932	25883			3266	66240
25.1224		32.008	69089	26736			3352	68380
26.1706		29.536	71336	27644			3434	70600
29.0474		29.962	73830	28657			3525	73060
29.8277		30.198	76391	29735			3613	75600
28.7561		31.55	78860	30744			3699	78080
27.3934		27.905	81212	31681			3783	80420
28.2787		25.614	83640	32668			3870	82800
27.2534		28.013	85980	33627			3957	85140
26.2054		29.474	88230	34528			4045	87380
25.3436		26.035	90406	35401			4135	89540
25.5183		26.475	92597	36259			4226	91720
26.846		28.07	94902	37182			4313	94000
26.9042		27.236	97212	38121			4402	96300
27.5448		29.909	99577	39086			4492	98620
25.856		32.038	101797	40007			4573	100820
24.1205		26.69	103868	40843			4654	102900
24.1204		28.916	105939	41666			4742	104960
23.1889		30.604	107930	42466			4830	106940
24.1789		25.764	110006	43301			4916	109000
24.4583		28.434	112106	44114			5000	111080
25.5997		35.419	114304	44979			5084	113240
26.4849		36.345	116578	45910			5163	115500
26.7411		35.136	118874	46850			5245	117800
26.8692		36.626	121181	47794			5330	120100
24.9241		36.704	123321	48648			5415	122240
24.5515		37.68	125429	49476			5502	124320
22.7462		33.105	127382	50281			5581	126260
23.41		38.27	129392	51077			5654	128260
23.7361		32.836	131430	51876			5742	130300
22.9209		34.89	133398	52638			5826	132240
22.5481		38.094	135334	53414			5911	134140
21.7446		35.531	137201	54144			5990	136000
22.1523		37.735	139103	54896			6078	137900
21.2321		36.491	140926	55603			6162	139700
20.743		36.297	142707	56300			6241	141420
20.2071		34.087	144442	56999			6301	143120
19.287		31.428	146098	57637			6382	144780
18.914		34.081	147722	58257			6458	146380
18.0986		35.191	149276	58834			6544	147940
17.5515		33.041	150783	59404			6623	149440
17.5168		32.53	152287	59969			6679	150920
18.1109		31.496	153842	60575			6762	152460
17.948		35.667	155383	61147			6850	153980
18.5299		32.846	156974	61771			6937	155560
19.3919		32.824	158639	62401			7022	157220
20.0208		36.77	160358	63078			7106	158900
18.9028		34.166	161981	63690			7189	160500
19.3569		31.915	163643	64356			7264	162160
19.0308		32.4	165277	64978			7349	163780
18.658		32.033	166879	65595			7436	165360
18.2855		36.186	168449	66194			7523	166940
17.8894		36.976	169985	66784			7615	168480
17.4583		33.823	171484	67337			7700	169960
17.4237		37.528	172980	67893			7784	171460
17.4574		33.581	174479	68457			7867	172920
17.8077		36.002	176008	69066			7945	174440
17.9941		35.314	177553	69665			8030	175960
18.0282		36.83	179101	70263			8117	177500
17.5738		35.19	180610	70849			8197	179020
17.8537		34.962	182143	71424			8273	180540
18.0988		33.476	183697	72007			8349	182080
18.2041		34.835	185260	72618			8427	183620
19.5549		35.565	186939	73261			8510	185300
19.356		35.222	188601	73894			8598	186900
19.5069		37.474	190276	74519			8676	188540
20.1484		36.509	192006	75192			8754	190260
20.6148		38.366	193776	75865			8835	192020
20.2071		38.081	195511	76547			8919	193760
19.7063		37.955	197203	77204			8999	195460
19.38		38.249	198867	77864			9077	197120
19.7876		39.359	200566	78531			9163	198800
19.6714		37.284	202255	79178			9240	200460
18.2621		38.028	203823	79784			9324	202020
18.0176		37.33	205370	80382			9410	203540
17.7843		39.807	206897	80937			9492	205060
18.3554		37.841	208473	81523			9569	206620
18.1108		38.858	210028	82099			9653	208160
18.6815		38.169	211632	82708			9730	209740
19.6946		37.027	213323	83364			9820	211420
19.9159		37.283	215033	84034			9877	213100
