SendRate(Mb/s)	RTT(ms)	CWnd	PktSndPeriod(us)	RecvACK	RecvNAK
4.01225		65.884	378	82			71	360
3.91328		41.928	714	152			146	700
3.86668		41.012	1046	223			218	1020
3.54064		43.678	1350	280			290	1320
3.66876		48.823	1665	341			361	1640
3.71533		50.501	1984	407			436	1960
3.54063		43.108	2288	472			506	2260
3.56396		44.651	2594	527			585	2560
3.54065		52.552	2898	588			657	2860
3.51736		56.079	3200	650			736	3180
3.45908		41.007	3497	715			812	3480
3.36586		45.982	3786	768			885	3760
3.48229		41.149	4085	831			953	4060
3.5755		42.653	4392	898			1026	4360
3.35424		46.074	4680	953			1099	4660
3.41249		49.092	4973	1013			1172	4940
3.4241		54.917	5267	1071			1245	5240
3.54061		58.703	5571	1128			1319	5540
3.55221		56.499	5876	1191			1390	5840
3.51725		48.93	6178	1260			1463	6160
3.38911		55.96	6469	1320			1535	6440
3.38917		55.999	6760	1376			1605	6740
3.16791		58.07	7032	1422			1674	7000
3.27267		46.12	7313	1474			1743	7300
3.35425		53.384	7601	1545			1811	7580
3.34263		51.174	7888	1595			1889	7860
3.30762		54.994	8172	1647			1964	8140
3.4824		49.378	8471	1713			2031	8440
3.57554		53.148	8778	1777			2105	8740
3.50558		43.19	9079	1838			2179	9060
3.38922		40.493	9370	1889			2256	9340
3.22611		39.186	9647	1949			2330	9620
3.35426		43.84	9935	2002			2405	9920
3.44744		45.637	10231	2057			2479	10200
3.29601		49.51	10514	2118			2553	10480
3.33093		49.112	10800	2172			2625	10780
3.14462		51.374	11070	2220			2697	11040
3.19103		56.784	11344	2276			2769	11320
3.19116		46.451	11618	2325			2843	11600
3.21446		49.819	11894	2385			2918	11860
3.14455		52.304	12164	2437			2991	12140
3.0979		41.714	12430	2484			3066	12400
3.06298		44.911	12693	2536			3139	12680
3.00489		45.4	12951	2584			3207	12920
3.01654		47.648	13210	2625			3278	13180
3.15626		51.403	13481	2672			3352	13460
3.22618		52.523	13758	2722			3430	13740
3.31927		51.874	14043	2773			3505	14020
3.40082		56.42	14335	2825			3581	14300
3.42396		57.806	14629	2882			3656	14600
3.45906		59.611	14926	2939			3736	14900
3.43579		47.82	15221	3002			3809	15200
3.56394		52.102	15527	3069			3884	15500
3.75027		58.186	15849	3128			3964	15820
3.75029		60.396	16171	3198			4039	16140
3.63383		62.544	16483	3253			4111	16460
3.56392		63.597	16789	3310			4189	16760
3.56394		63.847	17095	3375			4268	17060
3.51733		51.236	17397	3448			4341	17380
3.36596		60.443	17686	3499			4417	17660
3.43579		96.534	17981	3565			4485	17940
3.4009		99.208	18273	3620			4555	18220
3.51734		101.453	18575	3672			4626	18540
3.50571		101.553	18876	3725			4700	18840
3.71533		104.368	19195	3794			4778	19160
3.69201		106.614	19512	3858			4852	19480
3.70367		102.81	19830	3926			4929	19780
3.58717		104.761	20138	3985			5008	20100
3.61053		105.929	20448	4041			5082	20400
3.75024		83.066	20770	4114			5157	20740
4.2627		92.429	21136	4208			5236	21100
4.51893		74.996	21524	4303			5311	21480
4.34421		78.308	21897	4388			5385	21860
4.29767		83.322	22266	4469			5461	22220
4.30926		69.588	22636	4548			5541	22620
4.28594		56.385	23004	4637			5616	22980
4.12294		59.291	23358	4719			5691	23320
4.1346		59.474	23713	4807			5766	23680
4.06464		63.306	24062	4887			5842	24020
4.1113		65.152	24415	4976			5917	24380
4.01812		66.208	24760	5061			5989	24720
3.78514		68.305	25085	5124			6066	25040
3.87836		70.296	25418	5201			6137	25380
3.9483		58.882	25757	5281			6207	25720
4.1929		63.36	26117	5362			6282	26080
4.1579		65.096	26474	5443			6358	26440
4.14629		67.687	26830	5521			6434	26800
3.99492		49.82	27173	5599			6508	27140
3.99482		59.071	27516	5674			6581	27480
4.11122		64.295	27869	5756			6655	27840
4.22763		70.495	28232	5847			6728	28200
3.83172		70.977	28561	5908			6800	28520
3.77354		70.896	28885	5980			6873	28860
3.76197		72.306	29208	6047			6946	29180
3.91329		75.366	29544	6123			7024	29500
3.92487		77.041	29881	6188			7096	29840
3.76184		81.519	30204	6265			7167	30160
3.76192		65.016	30527	6339			7241	30500
3.9483		68.289	30866	6407			7315	30840
4.02978		58.166	31212	6478			7392	31180
4.19283		56.795	31572	6555			7467	31540
4.14628		59.405	31928	6640			7545	31900
4.06442		61.557	32277	6716			7619	32240
3.93659		63.441	32615	6794			7690	32580
3.90162		58.766	32950	6871			7763	32920
3.7153		54.704	33269	6933			7836	33240
3.64541		57.298	33582	7002			7903	33560
3.68035		57.788	33898	7064			7973	33880
3.79677		60.848	34224	7140			8048	34200
3.8085		66.339	34551	7217			8123	34520
3.77354		67.252	34875	7285			8196	34840
3.80845		54.209	35202	7354			8270	35180
3.82007		56.761	35530	7431			8343	35500
3.85506		58.002	35861	7498			8419	35820
3.92492		47.506	36198	7572			8493	36160
4.00646		51.629	36542	7652			8567	36520
3.89006		53.828	36876	7731			8644	36840
4.01815		57.882	37221	7807			8717	37180
4.05307		59.514	37569	7885			8795	37540
4.14623		71.73	37925	7969			8866	37880
