SendRate(Mb/s)	RTT(ms)	CWnd	PktSndPeriod(us)	RecvACK	RecvNAK
2.24527		39.999	206	30			64	200
1.99133		36.76	377	47			133	360
2.03792		37.416	552	65			205	540
1.96802		40.614	721	89			269	700
2.00301		38.311	893	105			342	880
2.08471		41.12	1072	132			409	1060
2.04978		38.313	1248	160			481	1240
1.91001		37.667	1412	183			553	1400
1.94481		39.733	1579	204			623	1560
1.92148		40.1	1744	221			691	1720
1.8866		43.975	1906	243			757	1880
1.87488		39.933	2067	262			823	2060
1.89826		39.726	2230	277			884	2220
2.04971		39.695	2406	303			950	2380
1.97974		40.034	2576	323			1018	2560
1.97982		38.932	2746	347			1087	2740
2.03809		39.11	2921	374			1158	2900
1.99149		38.658	3092	395			1225	3080
1.97986		41.179	3262	419			1294	3240
1.85176		38.303	3421	440			1364	3400
1.95652		38.875	3589	465			1435	3580
1.95646		41.425	3757	485			1503	3740
1.93329		40.296	3923	500			1572	3900
1.95655		37.134	4091	516			1642	4080
2.02641		37.45	4265	540			1710	4240
2.14299		41.35	4449	560			1783	4440
2.10779		40.334	4630	588			1855	4620
2.04962		41	4806	612			1923	4780
2.07304		40.442	4984	640			1993	4960
2.09625		40.148	5164	666			2063	5140
2.1429		31.573	5348	690			2135	5320
2.21283		31.977	5538	718			2203	5520
2.16624		30.608	5724	745			2271	5700
2.20111		29.193	5913	766			2340	5900
2.22443		31.299	6104	793			2409	6080
2.25938		29.987	6298	825			2476	6280
2.18939		30.326	6486	855			2542	6460
2.24753		30.519	6679	886			2609	6660
2.22432		30.478	6870	909			2683	6840
2.22428		33.419	7061	930			2754	7040
2.14294		31.858	7245	959			2824	7220
2.10801		29.858	7426	987			2890	7400
2.108		33.228	7607	1012			2960	7580
2.16613		31.883	7793	1034			3028	7780
2.20106		31.893	7982	1069			3094	7960
2.14293		29.163	8166	1097			3165	8140
2.20115		29.116	8355	1127			3235	8340
2.16611		27.478	8541	1147			3305	8520
2.07295		28.996	8719	1172			3374	8700
2.18943		32.914	8907	1193			3447	8880
2.20106		30.881	9096	1221			3513	9080
2.18949		28.586	9284	1247			3585	9260
2.30584		26.938	9482	1279			3658	9460
2.21268		28.559	9672	1309			3725	9660
2.15439		27.84	9857	1333			3795	9840
2.20107		27.235	10046	1361			3868	10020
2.11953		27.528	10228	1386			3940	10200
2.03799		29.552	10403	1406			4013	10380
1.97977		27.264	10573	1431			4080	10560
1.92155		30.108	10738	1444			4149	10720
1.97974		38.064	10908	1469			4217	10880
1.97984		35.944	11078	1497			4282	11060
1.92168		35.444	11243	1521			4352	11220
1.94497		37.261	11410	1542			4419	11380
1.96825		35.749	11579	1559			4487	11560
1.93332		39.377	11745	1579			4553	11720
2.01487		36.934	11918	1603			4619	11900
1.87503		35.927	12079	1621			4685	12060
1.75858		37.87	12230	1634			4750	12220
1.60715		39.397	12368	1643			4815	12340
1.60722		36.894	12506	1657			4879	12480
1.61874		37.255	12645	1670			4947	12620
1.68866		36.262	12790	1692			5015	12780
1.67702		36.459	12934	1705			5084	12920
1.71201		36.774	13081	1719			5147	13060
1.74683		32.025	13231	1737			5211	13200
1.70031		35.694	13377	1754			5274	13360
1.75861		33.425	13528	1768			5343	13500
1.79346		34.238	13682	1785			5411	13660
1.8168		31.878	13838	1802			5478	13820
1.85177		33.528	13997	1819			5546	13980
1.85176		31.336	14156	1836			5613	14140
1.84011		31.133	14314	1855			5681	14300
1.78185		32.871	14467	1872			5755	14440
1.78185		32.497	14620	1885			5825	14600
1.79357		35.05	14774	1905			5886	14760
1.77029		34.617	14926	1923			5954	14900
1.7237		34.764	15074	1940			6022	15060
1.72363		34.9	15222	1959			6086	15200
1.80511		34.751	15377	1972			6154	15360
1.7702		35.025	15529	1986			6225	15500
1.79346		38.855	15683	2006			6293	15660
1.81684		36.946	15839	2025			6359	15820
1.80514		36.457	15994	2042			6427	15980
1.86336		35.112	16154	2059			6492	16140
1.92165		37.874	16319	2078			6559	16300
1.91006		34.318	16483	2099			6624	16460
1.85179		35.298	16642	2116			6692	16620
1.73533		35.695	16791	2127			6757	16760
1.68861		37	16936	2138			6821	16920
1.70027		37.976	17082	2152			6890	17060
1.63045		37.445	17222	2164			6955	17200
1.6654		36.121	17365	2174			7022	17340
1.67689		35.44	17509	2183			7092	17480
1.67696		35.803	17653	2198			7153	17640
1.66537		35.883	17796	2212			7220	17780
1.66545		37.687	17939	2226			7281	17920
1.60715		39.49	18077	2242			7345	18060
1.59548		38.77	18214	2248			7410	18200
1.49077		40.528	18342	2257			7472	18320
1.49071		38.715	18470	2269			7535	18440
1.43242		38.213	18593	2278			7601	18580
1.42084		37.16	18715	2285			7666	18700
1.42087		39.769	18837	2296			7726	18820
1.3975		39.942	18957	2303			7792	18940
1.4441		40.918	19081	2312			7859	19060
1.4325		39.853	19204	2324			7917	19180
1.43249		37.238	19327	2336			7979	19300
1.53722		36.183	19459	2343			8045	19440
