SendRate(Mb/s)	RTT(ms)	CWnd	PktSndPeriod(us)	RecvACK	RecvNAK
4.11686		40.163	376	91			69	360
3.93641		37.458	714	175			139	680
4.0647		40.421	1063	252			214	1020
3.99479		42.422	1406	329			283	1360
3.83166		39.009	1735	393			362	1680
3.80812		40.812	2062	464			435	2000
3.8084		39.724	2389	536			510	2340
3.92467		39.059	2726	609			584	2660
3.9946		39.208	3069	685			658	3020
4.00611		39.669	3413	761			731	3340
3.88992		39.888	3747	840			795	3660
3.83159		37.77	4076	901			864	3980
3.62193		39.485	4387	962			939	4300
3.73846		38.684	4708	1025			1018	4620
3.73833		39.657	5029	1094			1090	4940
3.59864		36.494	5338	1160			1164	5240
3.65682		35.849	5652	1218			1236	5560
3.50542		37.515	5953	1280			1312	5860
3.55201		41.368	6258	1338			1387	6160
3.72675		39.326	6578	1402			1468	6480
3.73859		38.008	6899	1470			1542	6800
3.76182		37.969	7222	1538			1616	7120
3.88993		37.721	7556	1605			1690	7460
4.04126		39.089	7903	1677			1771	7800
3.95938		39.706	8243	1753			1842	8140
4.07607		37.457	8593	1820			1920	8480
4.07613		37.506	8943	1914			1990	8840
4.06438		37.863	9292	1999			2057	9180
4.13449		38.26	9647	2087			2126	9540
4.13451		38.305	10002	2167			2197	9880
4.00641		30.957	10346	2236			2275	10240
4.05292		31.962	10694	2301			2354	10580
3.82003		29.687	11022	2371			2427	10900
3.75001		31.659	11344	2440			2498	11220
3.73835		31.691	11665	2515			2570	11540
3.87821		29.761	11998	2586			2643	11880
3.72698		33.092	12318	2654			2716	12180
3.80838		32.268	12645	2729			2783	12520
3.85471		29.891	12976	2797			2854	12840
3.78485		31.322	13301	2868			2927	13160
3.78494		32.417	13626	2941			3001	13480
3.81982		31.414	13954	3018			3067	13820
3.88974		31.713	14288	3081			3146	14140
3.97121		31.605	14629	3164			3223	14480
4.14578		30.235	14985	3246			3303	14840
4.3323		28.549	15357	3337			3380	15220
4.28595		30.48	15725	3429			3464	15580
4.13458		27.337	16080	3517			3539	15940
4.33249		28.391	16452	3607			3619	16300
4.42567		27.516	16832	3700			3698	16680
4.48387		25.697	17217	3799			3771	17060
4.72851		28.366	17623	3895			3846	17460
4.71691		27.48	18028	3998			3923	17860
4.49563		27.9	18414	4090			3997	18240
4.46043		28.785	18797	4188			4067	18620
4.34411		30.204	19170	4276			4147	18980
4.21586		29.775	19532	4356			4221	19360
4.04123		26.257	19879	4435			4299	19700
4.02953		29.129	20225	4514			4375	20040
3.95954		29.374	20565	4594			4453	20380
3.98238		36.546	20907	4677			4533	20720
3.78502		34.727	21232	4750			4609	21040
3.76155		38.045	21555	4829			4681	21360
3.59809		37.333	21864	4885			4753	21680
3.47047		36.754	22162	4948			4831	21980
3.52851		35.657	22465	5018			4908	22280
3.86633		37.572	22797	5084			4982	22580
3.71491		35.827	23116	5152			5057	22900
3.64528		34.552	23429	5214			5132	23220
3.5871		36.186	23737	5278			5205	23520
3.4823		34.28	24036	5336			5275	23820
3.22582		35.677	24313	5386			5344	24100
3.17932		37.898	24586	5443			5414	24360
3.23756		35.236	24864	5496			5480	24640
3.17927		35.674	25137	5555			5542	24920
3.33062		32.577	25423	5609			5616	25200
3.41157		31.924	25716	5658			5693	25480
3.51719		34.156	26018	5725			5763	25780
3.58707		34.435	26326	5789			5836	26100
3.37738		32.066	26616	5842			5907	26380
3.33067		36.712	26902	5898			5975	26660
3.23763		32.038	27180	5956			6049	26940
3.622		34.27	27491	6024			6123	27260
3.80822		32.718	27818	6097			6194	27580
4.05286		31.638	28166	6170			6273	27920
4.19273		34.568	28526	6250			6352	28280
4.3092		31.84	28896	6339			6431	28640
4.42559		35.459	29276	6431			6506	29020
4.5304		31.984	29665	6532			6576	29400
4.63532		34.209	30063	6621			6650	29780
4.57705		35.616	30456	6711			6722	30180
4.70504		35.661	30860	6804			6801	30580
4.79842		36.204	31272	6906			6875	31000
5.03105		36.979	31704	7021			6947	31420
5.14764		37.14	32146	7124			7020	31860
5.25261		39.47	32597	7253			7093	32300
5.2876		38.149	33051	7374			7164	32760
5.52023		35.194	33525	7504			7237	33220
5.52033		36.727	33999	7636			7312	33700
5.63694		32.411	34483	7767			7390	34180
5.69521		34.574	34972	7892			7466	34660
5.90477		37.573	35479	8037			7545	35180
5.95137		37.404	35990	8184			7622	35680
6.03259		36.436	36508	8317			7702	36200
6.30029		35.889	37049	8467			7782	36740
6.37037		37.781	37596	8628			7865	37280
6.83645		40.18	38183	8787			7950	37860
7.0344		39.909	38787	8957			8024	38460
7.22086		38.909	39407	9145			8094	39080
7.1977		39.36	40025	9334			8174	39680
7.25528		40.913	40648	9528			8246	40300
7.82584		37.371	41320	9732			8323	40980
7.68646		39.76	41980	9931			8404	41640
7.53473		39.413	42627	10122			8483	42280
7.48859		38.047	43270	10304			8570	42920
7.88397		39.561	43947	10515			8650	43600
7.68627		38.732	44607	10728			8722	44260
7.26765		39.796	45231	10897			8807	44880
7.08113		37.308	45839	11058			8892	45480
6.96473		39	46437	11237			8970	46080
