SendRate(Mb/s)	RTT(ms)	CWnd	PktSndPeriod(us)	RecvACK	RecvNAK
5.99724		47.247	679	5			72	640
7.47717		49.306	1321	9			149	1280
7.31432		51.897	1949	10			237	1900
7.27909		53.143	2574	14			315	2520
8.22265		56.049	3280	19			394	3220
8.51385		58.161	4011	20			485	3900
8.71191		60.538	4759	25			565	4640
8.96808		62.827	5529	26			659	5400
9.06126		65.042	6307	33			719	6180
9.27093		67.375	7103	37			801	6960
10.5521		55.664	8009	40			888	7880
16.119		62.266	9393	43			979	9180
19.5898		69.041	11075	49			1062	10860
19.4618		52.745	12746	54			1152	12560
19.2519		52.568	14399	63			1232	14200
18.728		57.719	16007	67			1331	15800
18.6349		59.106	17607	71			1424	17380
18.6463		59.361	19208	80			1500	18980
18.3432		60.381	20783	88			1584	20540
18.5068		45.837	22372	97			1666	22140
18.0408		51.694	23921	100			1770	23680
17.5983		30.56	25432	109			1857	25200
17.9711		30.834	26975	117			1952	26740
18.041		30.465	28524	122			2054	28280
19.0661		33.437	30161	135			2141	29900
18.6817		30.422	31765	141			2239	31500
19.4039		31.522	33431	150			2321	33140
19.3222		36.152	35090	161			2406	34780
18.6934		39.891	36695	172			2488	36360
18.2042		39.699	38258	180			2579	37900
17.8895		30.481	39794	191			2666	39440
18.6933		30.429	41399	192			2778	41040
20.2307		32.116	43136	202			2860	42760
20.1374		36.426	44865	209			2946	44480
19.6249		40.15	46550	215			3031	46140
19.2751		43.452	48205	216			3137	47800
18.4953		34.89	49793	220			3241	49400
17.7033		38.53	51313	231			3324	50900
17.5168		31.35	52817	236			3418	52380
17.5169		30.438	54321	241			3514	53880
17.5403		30.512	55827	252			3604	55380
17.6801		34.482	57345	255			3705	56900
17.3772		38.61	58837	262			3791	58360
17.016		41.757	60298	265			3885	59800
17.2375		42.039	61778	270			3979	61260
16.7599		43.579	63217	275			4071	62700
16.4919		35.247	64633	284			4152	64100
15.8046		39.185	65990	293			4236	65440
16.0494		42.034	67368	298			4322	66800
16.0956		44.609	68750	303			4409	68160
15.9911		47.998	70123	309			4490	69520
15.6647		50.339	71468	313			4578	70820
15.3503		53.06	72786	317			4662	72140
15.5482		55.998	74121	320			4747	73440
15.3499		57.858	75439	326			4829	74740
14.9895		60.216	76726	331			4910	76000
15.5485		63.087	78061	336			4990	77300
15.968		65.546	79432	341			5069	78660
15.8631		35.448	80794	348			5146	80040
15.9912		34.024	82167	355			5228	81400
16.4217		119.608	83577	366			5296	82680
16.527		44.835	84996	380			5349	84200
16.1543		54.235	86383	397			5386	85560
15.5253		65.423	87716	414			5428	86860
15.362		68.69	89035	426			5478	88200
14.7334		49.448	90300	440			5549	89440
13.3823		56.491	91449	459			5601	90580
13.4289		65.326	92602	474			5626	91700
12.928		69.921	93712	491			5651	92820
12.7416		48.315	94806	501			5732	93860
12.3342		56.254	95865	515			5800	94900
12.3341		66.45	96924	524			5864	95940
12.8349		40.445	98026	533			5932	97020
12.7999		51.869	99125	542			6004	98100
11.5887		49.333	100120	557			6065	99100
11.379		54.639	101097	570			6124	100020
10.6686		61.703	102013	576			6201	100900
10.4937		69.048	102914	591			6252	101780
10.5637		76.274	103821	605			6299	102640
10.1212		81.693	104690	614			6353	103480
10.0046		86.019	105549	627			6389	104320
9.72517		69.219	106384	640			6442	105140
9.66681		79.397	107214	649			6488	105940
9.55042		86.294	108034	659			6540	106760
9.5854		68.447	108857	669			6595	107580
9.34076		68.684	109659	679			6655	108360
9.0613		74.101	110437	689			6722	109100
8.73515		78.659	111187	699			6771	109820
8.51394		84.212	111918	706			6825	110520
8.01312		83.18	112606	714			6872	111220
7.94313		86.206	113288	723			6924	111880
7.9548		91.734	113971	725			7005	112560
8.00143		96.473	114658	731			7071	113220
7.86168		101.656	115333	734			7144	113880
7.91987		109.923	116013	741			7188	114520
8.01303		95.427	116701	746			7245	115200
8.26929		109.617	117411	749			7312	115900
8.14121		118.892	118110	751			7396	116600
8.08299		93.545	118804	755			7456	117300
7.89661		96.635	119482	755			7550	117980
7.88495		101.99	120159	763			7596	118640
7.97811		104.06	120844	767			7656	119320
8.08298		106.387	121538	772			7723	120000
8.01307		111.622	122226	774			7800	120680
7.7335		109.553	122890	783			7844	121340
7.8151		112.354	123561	788			7896	121980
7.69862		114.912	124222	793			7953	122620
7.85004		119.413	124896	804			7982	123280
7.687		128.574	125556	815			8018	123920
7.69864		152.082	126217	823			8076	124580
7.75676		84.604	126883	832			8134	125240
7.82666		88.828	127555	847			8180	125900
7.55888		91.806	128204	858			8219	126540
7.7452		95.614	128869	868			8267	127180
7.69863		99.232	129530	881			8305	127840
7.76836		106.069	130197	891			8350	128480
8.08287		111.062	130891	897			8393	129160
7.98979		114.295	131577	908			8421	129840
7.78015		89.5	132245	919			8453	130500
7.36079		82.653	132877	930			8508	131140
