SendRate(Mb/s)	RTT(ms)	CWnd	PktSndPeriod(us)	RecvACK	RecvNAK
13.1318		38.726	1241	511			77	1180
16.1886		38.677	2631	1023			157	2540
15.8281		40.149	3990	1526			245	3860
14.9896		40.093	5277	1985			324	5100
15.2691		40.084	6588	2478			402	6400
15.4087		39.178	7911	2951			481	7720
15.4669		40.659	9239	3449			560	9020
15.9912		38.01	10612	3956			643	10380
16.0262		39.02	11988	4472			725	11740
15.2807		36.098	13300	4941			800	13060
15.2692		38.498	14611	5413			880	14360
15.9448		38.332	15980	5924			961	15720
16.4804		36.933	17395	6465			1045	17140
16.3756		38.565	18801	6991			1127	18520
17.1093		38.052	20270	7529			1205	19960
17.2959		37.139	21755	8098			1286	21440
16.8413		35.772	23201	8658			1369	22880
17.1092		40.69	24670	9204			1449	24340
17.0858		37.855	26137	9749			1527	25800
17.517		38.593	27641	10310			1614	27320
18.5771		37.853	29236	10920			1700	28900
19.532		37.809	30913	11558			1779	30540
21.4885		37.326	32758	12279			1861	32400
19.9048		38.973	34467	12958			1927	34100
18.7283		34.509	36075	13595			2003	35700
18.344		38.436	37650	14204			2088	37280
15.9215		37.322	39017	14718			2174	38640
15.2224		37.756	40324	15184			2257	39960
14.8497		38.936	41599	15649			2342	41220
14.5702		34.731	42850	16117			2427	42400
14.2209		30.505	44071	16556			2510	43600
13.4407		30.295	45225	16969			2592	44760
12.9049		29.47	46333	17384			2673	45860
13.7085		28.905	47510	17792			2750	47020
13.9763		31.242	48710	18199			2836	48220
13.9764		30.156	49910	18637			2918	49420
14.2327		28.854	51132	19069			2997	50640
15.0714		32.199	52426	19534			3077	51900
15.4673		35.583	53754	20032			3154	53220
15.2459		27.82	55063	20486			3239	54520
14.6868		30.393	56324	20949			3323	55760
14.3724		28.716	57558	21396			3407	57000
14.9196		30.482	58839	21842			3493	58300
14.9197		30.687	60120	22308			3572	59560
14.8147		28.788	61392	22778			3656	60820
15.7814		25.597	62747	23281			3741	62140
16.4339		28.394	64158	23803			3827	63560
17.0979		28.614	65626	24375			3903	65000
16.4689		29.652	67040	24897			3992	66420
16.1775		29.353	68429	25406			4075	67800
15.1408		27.262	69729	25875			4152	69100
14.547		27.05	70978	26322			4233	70340
14.8849		28.128	72256	26784			4321	71600
14.6753		25.53	73516	27224			4407	72880
13.8832		26.229	74708	27660			4501	74060
13.7084		31.162	75885	28060			4588	75240
15.304		26.407	77199	28554			4674	76540
16.7599		29.38	78638	29090			4756	77960
16.8181		28.882	80082	29626			4847	79400
17.2258		31.005	81561	30178			4928	80840
17.8311		36.102	83092	30762			5014	82380
17.7615		36.012	84617	31341			5099	83900
18.099		35.665	86171	31927			5180	85420
17.6213		33.625	87684	32499			5264	86920
17.6911		37.51	89203	33084			5345	88440
17.2594		37.531	90685	33666			5426	89880
17.3528		34.545	92175	34208			5506	91380
18.6109		36.387	93773	34836			5589	92940
18.7627		36.183	95384	35456			5677	94560
18.7745		36.567	96996	36057			5761	96160
17.5981		35.715	98507	36623			5849	97680
17.3303		33.484	99995	37183			5929	99160
17.5051		37.166	101498	37745			6010	100640
17.2605		34.937	102980	38302			6097	102140
17.4699		38.673	104480	38867			6172	103580
18.4127		32.926	106061	39450			6244	105160
19.1347		30.785	107704	40078			6330	106740
19.9741		34.475	109419	40736			6407	108440
19.054		32.037	111055	41372			6493	110080
17.7845		31.479	112582	41947			6579	111580
16.7831		33.491	114023	42483			6648	113020
16.8299		34.425	115468	43015			6733	114460
15.9679		32.106	116839	43520			6814	115820
15.8399		31.084	118199	44012			6899	117160
15.094		32.856	119495	44488			6980	118440
15.7808		34.038	120850	44977			7066	119760
15.5599		31.916	122186	45473			7154	121080
14.6752		30.341	123446	45918			7226	122320
14.8265		32.831	124719	46392			7309	123600
13.3589		32.001	125866	46802			7391	124720
12.9979		35.933	126982	47203			7470	125820
13.0213		37.296	128100	47605			7553	126940
12.7884		33.784	129198	47996			7631	128000
12.5438		34.368	130275	48368			7719	129060
11.8218		37.496	131290	48710			7800	130080
11.1928		37.663	132251	49036			7884	131020
11.0177		34.848	133197	49337			7959	131960
10.7386		35.24	134119	49652			8049	132880
11.0647		34.941	135069	49966			8123	133820
11.0412		37.484	136017	50286			8211	134760
11.053		37.805	136966	50623			8293	135700
10.7618		35.558	137890	50928			8373	136620
10.7385		34.757	138812	51245			8452	137540
11.0409		33.273	139760	51565			8522	138480
10.785		35.635	140686	51878			8596	139400
10.5635		37.227	141593	52186			8680	140300
10.3655		38.264	142483	52478			8766	141200
10.3892		35.666	143375	52778			8826	142080
10.9714		37.07	144317	53095			8903	143000
11.3675		38.152	145293	53447			8985	144000
11.6354		35.765	146292	53780			9072	144980
12.3808		38.054	147355	54129			9153	146020
12.509		38.66	148429	54494			9238	147100
12.87		35.776	149534	54882			9323	148200
13.8248		41.894	150721	55330			9401	149360
13.953		39.352	151919	55775			9491	150560
14.2791		37.744	153145	56248			9569	151780
14.2674		40.916	154370	56670			9639	153000
14.2907		38.643	155597	57134			9721	154200
13.9064		36.635	156791	57569			9798	155400
