SendRate(Mb/s)	RTT(ms)	CWnd	PktSndPeriod(us)	RecvACK	RecvNAK
2.35646		40.933	216	46			63	200
1.99157		39.247	387	70			133	360
1.95655		41.631	555	93			199	540
1.94497		37.8	722	111			262	700
1.91006		40.24	886	133			332	860
1.97993		40.401	1056	157			401	1040
2.01485		38.871	1229	183			467	1200
1.95661		39.209	1397	197			533	1380
1.92167		39.264	1562	218			598	1540
1.9799		38.212	1732	236			663	1700
1.91003		40.255	1896	254			729	1880
1.87512		41.386	2057	269			797	2040
1.82849		39.559	2214	286			864	2180
1.87507		39.388	2375	309			927	2360
1.89836		38.733	2538	332			994	2520
2.14294		38.929	2722	362			1063	2700
2.16623		37.908	2908	391			1130	2880
2.16624		40.9	3094	419			1196	3060
2.07307		37.482	3272	443			1262	3240
2.06141		37.518	3449	463			1327	3420
2.08473		40.756	3628	487			1396	3600
2.0964		36.927	3808	515			1456	3780
2.01485		35.692	3981	533			1528	3940
1.89838		37.832	4144	559			1589	4100
1.96826		38.38	4313	585			1657	4280
1.96825		38.162	4482	613			1717	4440
2.01486		40.963	4655	633			1787	4620
2.0032		38.504	4827	653			1851	4780
1.97989		38.948	4997	681			1916	4960
2.03812		37.032	5172	707			1982	5120
2.08473		30.757	5351	729			2054	5300
2.15461		31.352	5536	760			2117	5480
2.16621		31.613	5722	784			2186	5680
2.22448		30.756	5913	814			2257	5860
2.21287		29.403	6103	837			2320	6060
2.24779		32.256	6296	870			2387	6240
2.29435		32.082	6493	898			2451	6440
2.22447		29.852	6684	924			2521	6640
2.24774		31.159	6877	943			2599	6820
2.17789		29.235	7064	965			2673	7020
2.1779		32.504	7251	998			2738	7200
2.24778		31.625	7444	1022			2806	7380
2.2012		30.251	7633	1047			2878	7580
2.13131		33.175	7816	1075			2942	7760
2.17789		29.63	8003	1101			3016	7940
2.14294		27.679	8187	1128			3082	8140
2.10804		28.096	8368	1158			3146	8320
2.09638		24.409	8548	1182			3215	8480
1.99155		28.232	8719	1210			3283	8660
1.94497		26.096	8886	1231			3351	8820
1.86345		27.738	9046	1253			3415	8980
1.80522		29.567	9201	1274			3481	9140
1.72371		28.994	9349	1288			3549	9280
1.71209		29.411	9496	1305			3611	9440
1.6888		29.763	9641	1318			3678	9580
1.58396		26.829	9777	1337			3739	9720
1.60725		31.133	9915	1347			3800	9840
1.68877		26.392	10060	1359			3866	10000
1.80527		28.636	10215	1373			3932	10140
1.88679		28.382	10377	1386			4000	10300
1.8868		31.515	10539	1410			4062	10460
1.87514		36.104	10700	1431			4131	10640
1.86348		34.804	10860	1459			4195	10780
1.88677		39.135	11022	1482			4260	10960
1.87514		34.875	11183	1504			4322	11120
1.80526		36.243	11338	1518			4382	11260
1.77026		36.294	11490	1534			4448	11420
1.79356		36.626	11644	1551			4514	11560
1.79359		36.331	11798	1567			4583	11720
1.81685		35.196	11954	1587			4651	11880
1.84015		38.605	12112	1605			4711	12040
1.81686		34.611	12268	1623			4782	12200
1.80523		36.747	12423	1642			4847	12340
1.8285		35.914	12580	1661			4915	12500
1.9799		32.594	12750	1685			4980	12662
2.11965		33.763	12932	1709			5044	12840
2.14296		31.7	13116	1727			5116	13040
2.11966		32.788	13298	1746			5189	13220
2.20117		34.575	13487	1771			5256	13400
2.20118		33.612	13676	1804			5321	13580
2.10798		32.117	13857	1825			5388	13760
2.00318		32.883	14029	1843			5464	13920
2.00307		33.906	14201	1857			5536	14100
2.06139		31.308	14378	1881			5604	14280
2.16621		32.209	14564	1903			5673	14460
2.13133		32.808	14747	1927			5741	14640
2.04984		31.894	14923	1953			5807	14820
2.18956		32.558	15111	1981			5877	15000
2.2362		32.261	15303	2003			5947	15200
2.18955		34.98	15491	2033			6018	15380
2.14294		36.442	15675	2059			6086	15560
2.18957		38.177	15863	2086			6159	15720
2.17791		36.384	16050	2112			6224	15920
2.10806		36.901	16231	2141			6291	16100
1.9916		35.998	16402	2161			6359	16260
2.0381		36.398	16577	2188			6427	16440
2.14296		32.005	16761	2211			6493	16620
2.07307		34.296	16939	2231			6563	16800
2.07301		38.633	17117	2252			6631	16980
2.13125		36.437	17300	2271			6704	17160
2.08469		35.03	17479	2294			6763	17340
2.0032		35.402	17651	2314			6833	17520
1.93336		32.015	17817	2336			6902	17680
2.01487		38.668	17990	2359			6966	17840
1.99155		35.526	18161	2378			7038	18020
1.94494		42.491	18328	2404			7107	18180
1.94476		37.688	18495	2427			7171	18360
1.9683		38.104	18664	2449			7236	18520
1.90995		37.497	18828	2467			7299	18680
1.89826		38.291	18991	2486			7369	18840
1.99155		38.493	19162	2511			7431	19020
2.07307		36.777	19340	2535			7499	19200
2.13133		38.154	19523	2560			7564	19380
2.03811		40.251	19698	2587			7626	19560
2.00324		39.535	19870	2613			7693	19720
1.91007		37.057	20034	2627			7753	19880
1.86347		39.525	20194	2648			7814	20040
1.78194		40.143	20347	2670			7877	20200
1.64219		39.39	20488	2685			7936	20340
1.70041		36.687	20634	2700			8001	20480
