SendRate(Mb/s)	RTT(ms)	CWnd	PktSndPeriod(us)	RecvACK	RecvNAK
51.5145		30.435	4715	0			117	4540
66.1756		30.244	10397	0			275	10180
93.6619		30.243	18439	0			392	18180
94.5803		30.877	26560	0			510	26300
94.4643		30.256	34671	0			627	34420
95.395		30.376	42862	0			746	42600
94.8369		31.532	51005	0			864	50720
95.6408		31.424	59217	0			983	58960
95.6059		30.778	67426	0			1102	67160
95.327		30.335	75611	0			1221	75360
95.2708		30.238	83791	0			1339	83540
95.1314		30.245	91959	0			1458	91700
95.2356		30.256	100136	0			1576	99880
94.5839		30.264	108257	0			1694	108000
95.6281		30.242	116468	0			1813	116200
95.7786		30.25	124692	0			1932	124440
95.9568		30.767	132931	0			2051	132660
95.7357		31.623	141151	0			2170	140880
95.5607		31.009	149356	0			2289	149080
95.4331		30.31	157550	0			2408	157300
94.9909		30.233	165706	0			2526	165440
95.1621		30.222	173877	0			2645	173620
95.0828		30.291	182041	0			2763	181780
95.3053		30.774	190224	0			2882	189980
95.1053		30.876	198390	0			3000	198140
95.4898		30.235	206589	0			3119	206340
95.4664		30.258	214786	0			3238	214520
95.4915		30.266	222985	0			3357	222720
95.1866		30.268	231158	0			3475	230900
95.4207		30.281	239351	0			3594	239100
95.2361		30.407	247528	0			3712	247280
95.4906		30.602	255727	0			3831	255460
95.7352		30.377	263947	0			3950	263680
94.2806		30.236	272042	0			4068	271780
95.4789		30.286	280240	0			4186	279980
95.8767		31.807	288472	0			4306	288220
94.8522		30.921	296616	0			4424	296360
95.1531		30.372	304786	0			4542	304540
94.898		31.058	312934	0			4660	312640
94.467		30.248	321045	0			4778	320780
95.8765		30.571	329277	0			4897	329000
95.5962		31.547	337485	0			5016	337220
95.5135		30.545	345686	0			5135	345420
95.3988		30.386	353877	0			5254	353620
94.3971		30.303	361982	0			5371	361740
94.5594		30.281	370101	0			5489	369840
96.4233		36.957	378380	0			5608	378080
93.6846		34.775	386424	0			5725	386120
92.917		30.223	394402	0			5841	394140
95.0936		30.245	402567	0			5959	402320
95.55		30.261	410771	0			6078	410520
95.7562		30.275	418993	0			6197	418740
95.817		30.587	427220	0			6316	426940
95.5815		31.364	435427	0			6435	435160
95.5346		30.549	443630	0			6554	443360
95.502		32.534	451830	0			6673	451540
94.2308		30.24	459921	0			6790	459660
94.8957		30.293	468069	0			6909	467820
95.7474		30.264	476290	0			7028	476020
96.0279		30.571	484535	0			7147	484260
97.5415		124.499	492910	450			7216	491260
97.2263		125.885	501258	1332			7217	498840
94.6624		125.885	509386	2239			7217	506320
87.2445		133.637	516877	2913			7243	513280
87.0791		134.737	524354	3558			7244	520160
86.9309		134.737	531818	4199			7244	527040
87.6767		135.335	539346	4862			7246	534000
86.9319		135.442	546810	5494			7256	540900
83.0755		134.851	553943	6115			7296	547460
83.8574		134.759	561143	6771			7297	554100
81.0153		134.535	568099	7368			7337	560600
81.2442		134.704	575075	7947			7338	567040
80.0469		135.148	581948	8512			7341	573420
80.5389		135.359	588863	9053			7344	579860
81.8179		135.348	595888	9746			7346	586260
84.1589		135.348	603114	10369			7346	592920
82.4359		134.336	610192	10996			7387	599460
79.4783		134.829	617016	11514			7388	605780
80.2691		135.103	623908	12109			7389	612140
80.5106		134.302	630821	12741			7427	618440
80.5221		134.534	637735	13406			7429	624780
78.9501		135.109	644514	14013			7431	631100
78.7288		135.301	651274	14664			7439	637260
78.7849		135.247	658039	15311			7440	643480
78.0071		135.321	664737	15917			7441	649600
77.9029		135.334	671426	16529			7444	655780
72.4882		135.334	677650	16999			7444	661660
73.2341		134.191	683938	17438			7483	667520
72.9888		134.212	690205	17956			7484	673320
73.49		134.022	696515	18443			7530	679200
73.4293		134.259	702820	18918			7565	685120
72.7204		133.997	709064	19406			7602	690960
70.8234		134.432	715145	19818			7603	696640
69.915		134.987	721148	20225			7605	702300
70.0208		135.169	727160	20707			7616	707880
70.9053		134.477	733248	21162			7640	713540
71.0913		134.477	739352	21653			7640	719200
75.8698		135.008	745867	22143			7660	725220
75.6221		134.745	752360	22582			7661	731320
73.851		135.153	758701	23022			7663	737300
74.4337		134.211	765092	23500			7704	743220
74.7128		134.047	771507	24029			7745	749180
75.8896		134.496	778023	24582			7746	755180
78.4644		134.928	784760	25177			7757	761380
76.9962		135.091	791371	25754			7758	767500
74.1884		133.886	797741	26303			7801	773400
74.9388		134.359	804176	26797			7803	779380
76.2935		135.121	810727	27294			7824	785500
75.8177		134.571	817237	27808			7844	791540
77.0067		135.104	823849	28354			7846	797680
76.5995		135.104	830426	28839			7846	803840
75.2125		135.277	836884	29256			7847	809860
75.8899		134.067	843400	29757			7895	815900
75.3076		134.523	849866	30297			7896	821920
75.1638		134.719	856320	30808			7923	827940
76.0876		134.752	862853	31360			7924	833920
72.5128		135.13	869079	31896			7925	839780
71.3133		135.15	875202	32538			7927	845320
72.2787		134.019	881408	32990			7968	851120
73.2453		134.372	887697	33499			7976	856960
