SendRate(Mb/s)	RTT(ms)	CWnd	PktSndPeriod(us)	RecvACK	RecvNAK
4.14002		36.118	380	96			76	360
3.73864		39.699	701	163			143	680
3.91336		39.322	1037	238			217	1020
3.7736		37.634	1361	309			291	1340
3.61053		37.963	1671	377			367	1640
3.69204		37.817	1988	450			442	1960
3.76185		38.662	2311	509			520	2280
3.83179		38.447	2640	578			587	2600
3.80852		40.671	2967	652			661	2940
3.85512		38.484	3298	726			734	3260
4.06477		39.291	3647	807			809	3580
4.00654		39.53	3991	889			872	3920
3.97158		40.21	4332	959			946	4260
3.82012		36.86	4660	1037			1014	4580
3.80849		41.764	4987	1114			1093	4920
3.80856		39.392	5314	1191			1161	5240
3.70374		37.975	5632	1254			1243	5560
3.63384		38.969	5944	1314			1319	5880
3.91335		36.303	6280	1386			1394	6200
3.84346		37.292	6610	1464			1470	6540
3.87841		36.317	6943	1545			1543	6860
3.82016		40.472	7271	1616			1618	7200
3.84346		38.651	7601	1682			1696	7520
3.89002		38.753	7935	1760			1772	7860
3.75029		38.366	8257	1829			1845	8180
3.78525		38.766	8582	1908			1910	8500
3.7503		40.217	8904	1976			1985	8820
3.8318		36.059	9233	2049			2059	9140
3.94818		37.046	9572	2127			2136	9480
4.05299		38.335	9920	2204			2206	9820
3.99479		32.154	10263	2281			2275	10160
4.05314		31.241	10611	2356			2349	10520
4.12297		30.569	10965	2443			2426	10880
4.18117		28.491	11324	2522			2503	11220
4.47239		29.114	11708	2617			2576	11600
3.88996		29.984	12042	2693			2641	11940
3.61055		32.417	12352	2759			2712	12240
3.54066		29.547	12656	2819			2788	12540
3.54065		30.418	12960	2894			2860	12860
3.52902		30.689	13263	2963			2937	13160
3.34264		28.887	13550	3025			3011	13440
3.19123		30.301	13824	3083			3083	13720
3.33101		29.262	14110	3145			3154	14000
3.49399		30.538	14410	3208			3228	14300
3.63381		29.419	14722	3272			3304	14600
3.72691		28.159	15042	3345			3373	14920
3.7969		29.533	15368	3420			3445	15240
3.71532		26.944	15687	3486			3520	15560
3.63379		25.913	15999	3559			3593	15880
3.75026		29.031	16321	3628			3668	16200
3.59885		29.492	16630	3693			3743	16500
3.61036		28.313	16940	3755			3818	16800
3.70372		27.441	17258	3834			3893	17120
3.89005		29.93	17592	3905			3966	17460
4.123		29.491	17946	3983			4041	17800
3.89004		28.253	18280	4057			4119	18140
3.95992		30.252	18620	4139			4194	18480
3.8085		29.655	18947	4204			4274	18820
3.87833		26.457	19280	4276			4346	19140
3.82005		29.99	19608	4348			4424	19460
3.83172		34.274	19937	4416			4502	19800
3.71536		35.527	20256	4480			4576	20120
3.56386		35.01	20562	4538			4656	20420
3.49372		34.674	20862	4596			4733	20720
3.55198		35.15	21167	4668			4813	21020
3.62192		34.881	21478	4732			4889	21340
3.56384		35.133	21784	4792			4964	21640
3.4939		34.517	22084	4862			5031	21940
3.43558		35.796	22379	4919			5103	22240
3.2259		37.98	22656	4968			5175	22500
3.31915		36.465	22941	5018			5244	22780
3.54056		34.793	23245	5088			5315	23080
3.76184		37.73	23568	5160			5391	23380
3.73836		35.167	23889	5228			5466	23700
3.66842		35.32	24204	5291			5537	24000
3.57535		32.467	24511	5360			5592	24300
3.29591		33.534	24794	5414			5666	24600
3.10947		31.177	25061	5464			5744	24860
3.22601		32.533	25338	5524			5814	25120
3.05139		35.043	25600	5575			5886	25360
3.09786		34.32	25866	5627			5958	25620
3.03975		33.03	26127	5674			6028	25880
3.05137		31.671	26389	5725			6100	26140
2.98149		32.647	26645	5773			6175	26400
2.92325		31.393	26896	5817			6249	26640
2.93486		31.422	27148	5864			6324	26900
3.05142		32.255	27410	5920			6387	27160
3.12135		33.406	27678	5970			6458	27420
3.4357		31.973	27973	6035			6528	27720
3.5871		31.838	28281	6109			6596	28020
3.57551		36.783	28588	6157			6681	28320
3.64546		33.755	28901	6226			6751	28640
3.63377		36.61	29213	6287			6828	28940
3.47075		35.725	29511	6351			6903	29240
3.68037		35.462	29827	6424			6973	29560
3.72695		32.541	30147	6492			7048	29880
3.61046		36.408	30457	6568			7114	30180
3.76195		35.488	30780	6641			7187	30500
3.85508		33.642	31111	6711			7259	30840
3.95983		38.594	31451	6803			7327	31180
4.14619		34.693	31807	6890			7408	31520
4.21604		34.683	32169	6969			7480	31880
4.42568		38.548	32549	7056			7558	32260
4.25101		35.51	32914	7145			7636	32620
4.26258		34.947	33280	7229			7705	33000
4.25103		37.313	33645	7310			7787	33360
4.30937		39.975	34015	7401			7865	33720
4.39087		37.662	34392	7490			7936	34100
4.53063		38.374	34781	7587			8016	34460
4.76359		37.045	35190	7689			8091	34880
4.91496		36.711	35612	7796			8157	35300
4.94984		37.333	36037	7907			8227	35720
4.79847		41.237	36449	8008			8300	36120
4.55389		36.767	36840	8104			8374	36520
4.34425		37.553	37213	8201			8453	36880
4.27437		40.071	37580	8291			8531	37260
4.42582		40.768	37960	8381			8607	37620
4.35594		37.889	38334	8466			8676	38000
4.50732		39.381	38721	8554			8747	38380
4.40248		40.449	39099	8653			8828	38740
