SendRate(Mb/s)	RTT(ms)	CWnd	PktSndPeriod(us)	RecvACK	RecvNAK
47.002		38.251	4300	26			65	4100
63.8041		30.247	9779	54			136	9500
66.9285		30.226	15526	81			231	15200
73.1912		30.202	21811	108			334	21380
95.1828		30.501	29984	146			375	29480
94.8277		30.257	38127	176			450	37560
92.791		30.237	46095	220			508	45440
93.8418		30.444	54153	251			571	53440
94.0863		30.238	62232	304			628	61460
96.2534		32.218	70497	349			696	69620
95.2184		30.284	78673	387			766	77780
95.6025		30.425	86882	427			830	85920
95.5425		30.456	95086	460			899	94040
96.1599		30.264	103343	500			973	102260
96.3234		30.567	111614	546			1046	110460
95.5775		30.362	119821	586			1111	118580
96.2053		31.06	128082	622			1179	126780
93.7732		30.269	136134	660			1247	134800
95.4137		34.184	144327	697			1317	142860
95.4648		30.418	152524	746			1388	151020
93.6271		30.251	160563	788			1452	159000
96.2537		30.645	168828	840			1517	167220
95.7046		30.669	177046	879			1596	175340
95.8027		30.685	185272	915			1662	183540
95.9993		30.44	193515	947			1738	191660
93.5921		30.359	201551	983			1793	199580
95.4963		30.263	209751	1023			1864	207700
95.4314		32.282	217945	1051			1937	215840
95.9881		30.33	226187	1094			2010	224020
97.2805		41.636	234540	1137			2051	232280
89.1306		30.237	242193	1178			2109	239900
93.9988		31.772	250264	1216			2161	247920
95.6891		31.895	258480	1254			2229	256040
95.2104		30.248	266655	1295			2287	264140
95.8985		30.372	274889	1329			2332	272300
93.1601		30.218	282888	1369			2395	280200
91.564		30.253	290750	1416			2447	288000
93.0893		30.303	298743	1451			2502	295940
97.0611		34.183	307077	1495			2549	304160
94.2066		30.225	315166	1520			2609	312220
96.4088		37.199	323444	1551			2681	320380
92.1222		30.651	331354	1587			2745	328300
94.884		30.286	339501	1628			2818	336380
94.9724		30.312	347656	1673			2864	344460
94.6513		30.289	355783	1719			2926	352520
95.9892		30.542	364025	1753			3000	360700
95.9918		30.3	372267	1797			3052	368780
99.0095		54.753	380768	1831			3097	377000
92.4055		36.688	388702	1867			3147	385180
84.427		30.263	395951	1908			3208	392320
88.0728		31.266	403513	1957			3254	399780
92.1489		30.292	411425	1997			3323	407600
96.0385		30.293	419671	2044			3386	415800
95.0262		30.254	427830	2077			3460	423880
95.2578		30.293	436009	2112			3531	432040
96.1554		31.541	444265	2144			3602	440240
94.5828		30.369	452386	2176			3662	448320
94.1986		30.24	460474	2209			3730	456360
95.3406		30.286	468660	2244			3802	464500
93.7217		30.255	476707	2280			3875	472480
93.3143		43.122	484719	2316			3938	479580
95.0255		102.964	492878	6912			3942	482260
94.0004		102.964	500949	11427			3942	484960
92.1379		194.383	508860	15412			3943	487700
89.7105		194.383	516563	22632			3943	490400
86.489		194.383	523989	28232			3943	493140
82.249		194.383	531051	29209			3944	495800
77.4739		194.383	537703	34832			3945	498500
72.0585		194.383	543890	40281			3945	501220
66.5254		194.383	549602	43517			3945	503920
60.7375		194.383	554817	45546			3947	506620
54.5997		194.383	559505	46786			3947	509360
48.5672		194.383	563675	49836			3947	512040
42.93		255.843	567361	50574			3948	514780
37.9331		255.843	570618	52536			3948	517480
32.797		271.423	573434	52549			3956	520200
27.6025		70.107	575804	52582			3967	522840
24.9935		30.349	577950	52620			4032	524920
25.4367		30.347	580134	52652			4104	527080
30.1297		30.461	582721	52683			4176	529600
31.8539		30.398	585456	52715			4246	532300
31.5278		30.301	588163	52751			4310	534960
29.9319		30.302	590733	52783			4367	537480
30.0952		30.282	593317	52810			4427	540020
30.7591		30.285	595958	52839			4499	542600
31.493		30.333	598662	52873			4556	545220
31.6558		30.368	601380	52913			4627	547880
30.6424		30.356	604011	52949			4687	550440
60.0962		30.371	606540	52979			4742	552940
30.8874		30.317	609192	53005			4806	555540
31.7024		30.497	611914	53028			4867	558220
31.6559		33.528	614632	53054			4942	560880
31.3183		30.321	617321	53076			5018	563560
31.0153		30.633	619984	53113			5084	566180
30.9108		30.35	622638	53141			5152	568800
32.0171		35.023	625387	53171			5206	571480
31.1785		30.605	628064	53188			5283	574140
30.8639		30.484	630714	53212			5352	576760
31.3756		30.454	633408	53240			5420	579420
31.5278		30.351	636115	53280			5468	582100
31.5163		30.485	638821	53308			5546	584760
30.0257		30.353	641399	53340			5619	587300
31.8072		30.362	644130	53366			5696	590020
32.2032		37.745	646895	53391			5771	592680
31.0037		30.627	649557	53418			5830	595340
31.853		32.19	652292	53443			5903	598040
31.597		34.47	655005	53454			5995	600720
30.8289		30.322	657652	53480			6056	603300
31.3882		30.348	660347	53505			6121	605860
28.2201		30.329	662770	53520			6204	608260
29.8973		30.362	665337	53540			6288	610780
31.3412		30.647	668028	53566			6351	613420
31.6445		31.411	670745	53580			6440	616120
31.2598		30.746	673429	53594			6528	618720
31.1318		31.687	676102	53604			6604	621340
31.3183		30.304	678791	53626			6678	623960
31.1319		30.324	681464	53644			6757	626600
31.7836		34.21	684193	53670			6818	629220
30.7937		30.342	686837	53693			6898	631800
31.4811		30.285	689540	53708			6983	634500
